0
12
151
398280 398281 398282 398283 398284 398285 398286 398287 398288 398289 398290 398291 398292 398293 398294 398295 398296 398297 398298 398299 398300 398301 398302 398303 398304 398305 398306 398307 398308 398309 398310 398311 398312 398313 398314 398315 398316 398317 398318 398319 398320 398321 398322 398323 398324 398325 398326 398327 398328 398329 398330 398331 398332 398333 398334 398335 398336 398337 398338 398339 398340 398341 398342 398343 398344 398345 398346 398347 398348 398349 398350 398351 398352 398353 398354 398355 398356 398357 398358 398359 398360 398361 398362 398363 398364 398365 398366 398367 398368 398369 403969 403970 403971 403972 403973 403974 403975 403976 403977 403978 403979 403980 403981 403982 403983 403984 403985 403986 403987 403988 403989 403990 403991 403992 403993 403994 403995 403996 403997 403998 403999 404000 404001 404002 404003 404004 404005 404006 404007 404008 404009 404010 404011 404012 404013 404014 404015 404016 404017 404018 404019 404020 404021 404022 404023 404024 404025 404026 404027 404028 404029 
353
409449 409450 409451 409452 409453 409454 409455 409456 409457 409458 409459 409460 409461 409462 409463 409464 409465 409466 409467 409468 409469 409470 409471 409472 409473 409474 409475 409476 409477 409478 409479 409480 409481 409482 409483 409484 409485 409486 409487 409488 409489 409490 409491 409492 409493 409494 409495 409496 409497 409498 409499 409500 409501 409502 409503 409504 409505 409506 409507 409508 409509 409510 409511 409512 409513 409514 409515 409516 409517 409518 409519 409520 409521 409522 409523 409524 409525 415683 415684 415685 415686 415687 415688 415689 415690 415691 415692 415693 415694 415695 415696 415697 415698 415699 415700 415701 415702 415703 415704 415705 415706 415707 415708 415709 415710 415711 415712 415713 415714 415715 415716 415717 415718 415719 415720 415721 415722 415723 415724 415725 415726 415727 415728 415729 415730 415731 415732 415733 415734 415735 415736 415737 415738 415739 415740 415741 415742 415743 415744 415745 415746 415747 415748 415749 415750 415751 415752 415753 415754 415755 415756 418755 418756 418757 418758 418759 418760 418761 418762 418763 418764 418765 418766 418767 418768 418769 418770 418771 418772 418773 418774 418775 418776 418777 418778 418779 418780 418781 418782 418783 418784 418785 418786 418787 418788 418789 418790 418791 418792 418793 418794 418795 418796 418797 418798 418799 418800 418801 418802 418803 418804 418805 418806 418807 418808 418809 418810 418811 418812 418813 424080 424081 424082 424083 424084 424085 424086 424087 424088 424089 424090 424091 424092 424093 424094 424095 424096 424097 424098 424099 424100 424101 424102 424103 424104 424105 424106 424107 424108 424109 424110 424111 424112 424113 424114 424115 424116 424117 424118 424119 424120 424121 424122 424123 424124 424125 424126 424127 424128 424129 424130 424131 424132 424133 424134 424135 424136 424137 424138 424139 424140 424141 424142 424143 424144 424145 424146 424147 424148 424149 424150 424151 424152 424153 430376 430377 430378 430379 430380 430381 430382 430383 430384 430385 430386 430387 430388 430389 430390 430391 430392 430393 430394 430395 430396 430397 430398 430399 430400 430401 430402 430403 430404 430405 430406 430407 430408 430409 430410 430411 430412 430413 430414 430415 430416 430417 430418 430419 430420 430421 430422 430423 430424 430425 430426 430427 430428 430429 430430 430431 430432 430433 430434 430435 430436 430437 430438 430439 430440 430441 430442 430443 430444 
237
399806 399807 399808 399809 399810 399811 399812 399813 399814 399815 399816 399817 399818 399819 399820 399821 399822 399823 399824 399825 399826 399827 399828 399829 399830 399831 399832 399833 399834 399835 399836 399837 399838 399839 399840 399841 399842 399843 399844 399845 399846 399847 399848 399849 399850 399851 399852 399853 399854 399855 399856 399857 399858 399859 399860 399861 399862 399863 399864 399865 399866 399867 399868 399869 399870 399871 399872 399873 399874 399875 399876 399877 399878 399879 399880 399881 399882 403569 403570 403571 403572 403573 403574 403575 403576 403577 403578 403579 403580 403581 403582 403583 403584 403585 403586 403587 403588 403589 403590 403591 403592 403593 403594 403595 403596 403597 403598 403599 403600 403601 403602 403603 403604 403605 403606 403607 403608 403609 403610 403611 403612 403613 403614 403615 403616 403617 403618 403619 403620 403621 403622 403623 403624 403625 403626 403627 403628 403629 403630 403631 403632 403633 403634 403635 403636 403637 403638 403639 403640 403641 403642 403643 403644 403645 403646 403647 403648 403649 431889 431890 431891 431892 431893 431894 431895 431896 431897 431898 431899 431900 431901 431902 431903 431904 431905 431906 431907 431908 431909 431910 431911 431912 431913 431914 431915 431916 431917 431918 431919 431920 431921 431922 431923 431924 431925 431926 431927 431928 431929 431930 431931 431932 431933 431934 431935 431936 431937 431938 431939 431940 431941 431942 431943 431944 431945 431946 431947 431948 431949 431950 431951 431952 431953 431954 431955 431956 431957 431958 431959 431960 431961 431962 431963 431964 431965 431966 431967 
80
427190 427191 427192 427193 427194 427195 427196 427197 427198 427199 427200 427201 427202 427203 427204 427205 427206 427207 427208 427209 427210 427211 427212 427213 427214 427215 427216 427217 427218 427219 427220 427221 427222 427223 427224 427225 427226 427227 427228 427229 427230 427231 427232 427233 427234 427235 427236 427237 427238 427239 427240 427241 427242 427243 427244 427245 427246 427247 427248 427249 427250 427251 427252 427253 427254 427255 427256 427257 427258 427259 427260 427261 427262 427263 427264 427265 427266 427267 427268 427269 
687
407122 407123 407124 407125 407126 407127 407128 407129 407130 407131 407132 407133 407134 407135 407136 407137 407138 407139 407140 407141 407142 407143 407144 407145 407146 407147 407148 407149 407150 407151 407152 407153 407154 407155 407156 407157 407158 407159 407160 407161 407162 407163 407164 407165 407166 407167 407168 407169 407170 407171 407172 407173 407174 407175 407176 407177 407178 407179 407180 407181 407182 407183 407184 407185 407186 407187 407188 407189 407190 407191 407192 407193 407194 407195 407196 407197 407198 407199 407200 407201 407202 407203 407204 407205 409608 409609 409610 409611 409612 409613 409614 409615 409616 409617 409618 409619 409620 409621 409622 409623 409624 409625 409626 409627 409628 409629 409630 409631 409632 409633 409634 409635 409636 409637 409638 409639 409640 409641 409642 409643 409644 409645 409646 409647 409648 409649 409650 409651 409652 409653 409654 409655 409656 409657 409658 409659 409660 409661 409662 409663 409664 409665 409666 409667 409668 409669 409670 409671 409672 409673 409674 409675 409676 409677 409678 409679 409680 409681 411693 411694 411695 411696 411697 411698 411699 411700 411701 411702 411703 411704 411705 411706 411707 411708 411709 411710 411711 411712 411713 411714 411715 411716 411717 411718 411719 411720 411721 411722 411723 411724 411725 411726 411727 411728 411729 411730 411731 411732 411733 411734 411735 411736 411737 411738 411739 411740 411741 411742 411743 411744 411745 411746 411747 411748 411749 411750 411751 411752 411753 411754 411755 411756 411757 411758 411759 411760 411761 411762 411763 411764 411765 411766 411767 411768 411769 411770 411771 411772 411773 411774 411775 411776 411777 411778 411779 413021 413022 413023 413024 413025 413026 413027 413028 413029 413030 413031 413032 413033 413034 413035 413036 413037 413038 413039 413040 413041 413042 413043 413044 413045 413046 413047 413048 413049 413050 413051 413052 413053 413054 413055 413056 413057 413058 413059 413060 413061 413062 413063 413064 413065 413066 413067 413068 413069 413070 413071 413072 413073 413074 413075 413076 413077 413078 413079 413080 413081 413082 413083 413084 413085 413086 413087 413088 413089 413090 413091 413092 413093 413094 413095 413096 413097 413098 416730 416731 416732 416733 416734 416735 416736 416737 416738 416739 416740 416741 416742 416743 416744 416745 416746 416747 416748 416749 416750 416751 416752 416753 416754 416755 416756 416757 416758 416759 416760 416761 416762 416763 416764 416765 416766 416767 416768 416769 416770 416771 416772 416773 416774 416775 416776 416777 416778 416779 416780 416781 416782 416783 416784 416785 416786 416787 416788 416789 416790 416791 416792 416793 416794 416795 431383 431384 431385 431386 431387 431388 431389 431390 431391 431392 431393 431394 431395 431396 431397 431398 431399 431400 431401 431402 431403 431404 431405 431406 431407 431408 431409 431410 431411 431412 431413 431414 431415 431416 431417 431418 431419 431420 431421 431422 431423 431424 431425 431426 431427 431428 431429 431430 431431 431432 431433 431434 431435 431436 431437 431438 431439 431440 431441 431442 431443 431444 431445 431446 431447 431448 431449 431450 431451 431452 431453 431454 431455 431456 431457 431458 431762 431763 431764 431765 431766 431767 431768 431769 431770 431771 431772 431773 431774 431775 431776 431777 431778 431779 431780 431781 431782 431783 431784 431785 431786 431787 431788 431789 431790 431791 431792 431793 431794 431795 431796 431797 431798 431799 431800 431801 431802 431803 431804 431805 431806 431807 431808 431809 431810 431811 431812 431813 431814 431815 431816 431817 431818 431819 431820 431821 431822 431823 431824 431825 431826 431827 431828 431829 431830 431831 431832 431833 431834 432641 432642 432643 432644 432645 432646 432647 432648 432649 432650 432651 432652 432653 432654 432655 432656 432657 432658 432659 432660 432661 432662 432663 432664 432665 432666 432667 432668 432669 432670 432671 432672 432673 432674 432675 432676 432677 432678 432679 432680 432681 432682 432683 432684 432685 432686 432687 432688 432689 432690 432691 432692 432693 432694 432695 432696 432697 432698 432699 432700 432701 432702 432703 432704 432705 432706 432707 432708 432709 432710 432711 432712 432713 432714 432715 432716 432717 432718 444791 444792 444793 444794 444795 444796 444797 444798 444799 444800 444801 444802 444803 444804 444805 444806 444807 444808 444809 444810 444811 444812 444813 444814 444815 444816 444817 444818 444819 444820 444821 444822 444823 444824 444825 444826 444827 444828 444829 444830 444831 444832 444833 444834 444835 444836 444837 444838 444839 444840 444841 444842 444843 444844 444845 444846 444847 444848 444849 444850 444851 444852 444853 444854 444855 444856 444857 444858 444859 444860 444861 
151
397693 397694 397695 397696 397697 397698 397699 397700 397701 397702 397703 397704 397705 397706 397707 397708 397709 397710 397711 397712 397713 397714 397715 397716 397717 397718 397719 397720 397721 397722 397723 397724 397725 397726 397727 397728 397729 397730 397731 397732 397733 397734 397735 397736 397737 397738 397739 397740 397741 397742 397743 397744 397745 397746 397747 397748 397749 397750 397751 397752 397753 397754 397755 397756 397757 397758 397759 397760 397761 410169 410170 410171 410172 410173 410174 410175 410176 410177 410178 410179 410180 410181 410182 410183 410184 410185 410186 410187 410188 410189 410190 410191 410192 410193 410194 410195 410196 410197 410198 410199 410200 410201 410202 410203 410204 410205 410206 410207 410208 410209 410210 410211 410212 410213 410214 410215 410216 410217 410218 410219 410220 410221 410222 410223 410224 410225 410226 410227 410228 410229 410230 410231 410232 410233 410234 410235 410236 410237 410238 410239 410240 410241 410242 410243 410244 410245 410246 410247 410248 410249 410250 
481
380839 380840 380841 380842 380843 380844 380845 380846 380847 380848 380849 380850 380851 380852 380853 380854 380855 380856 380857 380858 380859 380860 380861 380862 380863 380864 380865 380866 380867 380868 380869 380870 380871 380872 380873 380874 380875 380876 380877 380878 380879 380880 380881 380882 380883 380884 380885 380886 380887 380888 380889 380890 380891 380892 380893 380894 380895 380896 380897 380898 380899 380900 380901 380902 380903 380904 380905 380906 380907 380908 380909 380910 380911 380912 380913 380914 380915 380916 380917 380918 407046 407047 407048 407049 407050 407051 407052 407053 407054 407055 407056 407057 407058 407059 407060 407061 407062 407063 407064 407065 407066 407067 407068 407069 407070 407071 407072 407073 407074 407075 407076 407077 407078 407079 407080 407081 407082 407083 407084 407085 407086 407087 407088 407089 407090 407091 407092 407093 407094 407095 407096 407097 407098 407099 407100 407101 407102 407103 407104 407105 407106 407107 407108 407109 407110 407111 407112 407113 407114 407115 407116 407117 407118 407119 407120 407121 421584 421585 421586 421587 421588 421589 421590 421591 421592 421593 421594 421595 421596 421597 421598 421599 421600 421601 421602 421603 421604 421605 421606 421607 421608 421609 421610 421611 421612 421613 421614 421615 421616 421617 421618 421619 421620 421621 421622 421623 421624 421625 421626 421627 421628 421629 421630 421631 421632 421633 421634 421635 421636 421637 421638 421639 421640 421641 421642 421643 421644 421645 421646 421647 421648 421649 421650 421651 421652 421653 421654 421655 421656 421657 421658 421659 421660 421661 421662 421663 421664 421665 421666 421667 421668 421669 422216 422217 422218 422219 422220 422221 422222 422223 422224 422225 422226 422227 422228 422229 422230 422231 422232 422233 422234 422235 422236 422237 422238 422239 422240 422241 422242 422243 422244 422245 422246 422247 422248 422249 422250 422251 422252 422253 422254 422255 422256 422257 422258 422259 422260 422261 422262 422263 422264 422265 422266 422267 422268 422269 422270 422271 422272 422273 422274 422275 422276 422277 422278 422279 422280 422281 422282 422283 422284 422285 422286 422287 422288 422289 422290 422291 422292 422293 422294 422720 422721 422722 422723 422724 422725 422726 422727 422728 422729 422730 422731 422732 422733 422734 422735 422736 422737 422738 422739 422740 422741 422742 422743 422744 422745 422746 422747 422748 422749 422750 422751 422752 422753 422754 422755 422756 422757 422758 422759 422760 422761 422762 422763 422764 422765 422766 422767 422768 422769 422770 422771 422772 422773 422774 422775 422776 422777 422778 422779 422780 422781 422782 422783 422784 422785 422786 422787 422788 422789 422790 422791 422792 422793 422794 422795 422796 422797 422798 422799 422800 422801 422802 422803 422804 422805 422806 422807 422808 422809 422810 422811 422812 422813 433536 433537 433538 433539 433540 433541 433542 433543 433544 433545 433546 433547 433548 433549 433550 433551 433552 433553 433554 433555 433556 433557 433558 433559 433560 433561 433562 433563 433564 433565 433566 433567 433568 433569 433570 433571 433572 433573 433574 433575 433576 433577 433578 433579 433580 433581 433582 433583 433584 433585 433586 433587 433588 433589 433590 433591 433592 433593 433594 433595 433596 433597 433598 433599 433600 433601 
558
401301 401302 401303 401304 401305 401306 401307 401308 401309 401310 401311 401312 401313 401314 401315 401316 401317 401318 401319 401320 401321 401322 401323 401324 401325 401326 401327 401328 401329 401330 401331 401332 401333 401334 401335 401336 401337 401338 401339 401340 401341 401342 401343 401344 401345 401346 401347 401348 401349 401350 401351 401352 401353 401354 401355 401356 401357 401358 401359 401360 401361 401362 401363 401364 401365 401366 401367 401368 401369 401370 401371 401372 401373 405572 405573 405574 405575 405576 405577 405578 405579 405580 405581 405582 405583 405584 405585 405586 405587 405588 405589 405590 405591 405592 405593 405594 405595 405596 405597 405598 405599 405600 405601 405602 405603 405604 405605 405606 405607 405608 405609 405610 405611 405612 405613 405614 405615 405616 405617 405618 405619 405620 405621 405622 405623 405624 405625 405626 405627 405628 405629 405630 405631 405632 405633 405634 405635 406403 406404 406405 406406 406407 406408 406409 406410 406411 406412 406413 406414 406415 406416 406417 406418 406419 406420 406421 406422 406423 406424 406425 406426 406427 406428 406429 406430 406431 406432 406433 406434 406435 406436 406437 406438 406439 406440 406441 406442 406443 406444 406445 406446 406447 406448 406449 406450 406451 406452 406453 406454 406455 406456 406457 406458 406459 406460 406461 406462 406463 406464 406465 406466 406467 406468 406469 406470 406471 406472 406473 406474 406475 406476 406477 406478 406479 406480 406481 406482 406483 406484 406485 406486 406487 408630 408631 408632 408633 408634 408635 408636 408637 408638 408639 408640 408641 408642 408643 408644 408645 408646 408647 408648 408649 408650 408651 408652 408653 408654 408655 408656 408657 408658 408659 408660 408661 408662 408663 408664 408665 408666 408667 408668 408669 408670 408671 408672 408673 408674 408675 408676 408677 408678 408679 408680 408681 408682 408683 408684 408685 408686 408687 408688 408689 408690 410336 410337 410338 410339 410340 410341 410342 410343 410344 410345 410346 410347 410348 410349 410350 410351 410352 410353 410354 410355 410356 410357 410358 410359 410360 410361 410362 410363 410364 410365 410366 410367 410368 410369 410370 410371 410372 410373 410374 410375 410376 410377 410378 410379 410380 410381 410382 410383 410384 410385 410386 410387 410388 410389 410390 410391 410392 410393 410394 410395 410396 410397 410398 410399 410400 410401 410402 410403 410404 410405 410406 420534 420535 420536 420537 420538 420539 420540 420541 420542 420543 420544 420545 420546 420547 420548 420549 420550 420551 420552 420553 420554 420555 420556 420557 420558 420559 420560 420561 420562 420563 420564 420565 420566 420567 420568 420569 420570 420571 420572 420573 420574 420575 420576 420577 420578 420579 420580 420581 420582 420583 420584 420585 420586 420587 420588 420589 420590 420591 420592 420593 420594 420595 420596 420597 420598 420599 430445 430446 430447 430448 430449 430450 430451 430452 430453 430454 430455 430456 430457 430458 430459 430460 430461 430462 430463 430464 430465 430466 430467 430468 430469 430470 430471 430472 430473 430474 430475 430476 430477 430478 430479 430480 430481 430482 430483 430484 430485 430486 430487 430488 430489 430490 430491 430492 430493 430494 430495 430496 430497 430498 430499 430500 430501 430502 430503 430504 430505 430506 430507 430508 430509 430510 430511 430512 430513 430514 430515 437606 437607 437608 437609 437610 437611 437612 437613 437614 437615 437616 437617 437618 437619 437620 437621 437622 437623 437624 437625 437626 437627 437628 437629 437630 437631 437632 437633 437634 437635 437636 437637 437638 437639 437640 437641 437642 437643 437644 437645 437646 437647 437648 437649 437650 437651 437652 437653 437654 437655 437656 437657 437658 437659 437660 437661 437662 437663 437664 437665 437666 437667 437668 437669 437670 437671 437672 
229
410694 410695 410696 410697 410698 410699 410700 410701 410702 410703 410704 410705 410706 410707 410708 410709 410710 410711 410712 410713 410714 410715 410716 410717 410718 410719 410720 410721 410722 410723 410724 410725 410726 410727 410728 410729 410730 410731 410732 410733 410734 410735 410736 410737 410738 410739 410740 410741 410742 410743 410744 410745 410746 410747 410748 410749 410750 410751 410752 410753 410754 410755 410756 410757 410758 410759 410760 410761 410762 410763 410764 410765 424225 424226 424227 424228 424229 424230 424231 424232 424233 424234 424235 424236 424237 424238 424239 424240 424241 424242 424243 424244 424245 424246 424247 424248 424249 424250 424251 424252 424253 424254 424255 424256 424257 424258 424259 424260 424261 424262 424263 424264 424265 424266 424267 424268 424269 424270 424271 424272 424273 424274 424275 424276 424277 424278 424279 424280 424281 424282 424283 424284 424285 424286 424287 424288 424289 424290 424291 424292 424293 424294 424295 424296 424297 424298 424299 424300 432198 432199 432200 432201 432202 432203 432204 432205 432206 432207 432208 432209 432210 432211 432212 432213 432214 432215 432216 432217 432218 432219 432220 432221 432222 432223 432224 432225 432226 432227 432228 432229 432230 432231 432232 432233 432234 432235 432236 432237 432238 432239 432240 432241 432242 432243 432244 432245 432246 432247 432248 432249 432250 432251 432252 432253 432254 432255 432256 432257 432258 432259 432260 432261 432262 432263 432264 432265 432266 432267 432268 432269 432270 432271 432272 432273 432274 432275 432276 432277 432278 
536
383921 383922 383923 383924 383925 383926 383927 383928 383929 383930 383931 383932 383933 383934 383935 383936 383937 383938 383939 383940 383941 383942 383943 383944 383945 383946 383947 383948 383949 383950 383951 383952 383953 383954 383955 383956 383957 383958 383959 383960 383961 383962 383963 383964 383965 383966 383967 383968 383969 383970 383971 383972 383973 383974 383975 383976 383977 383978 383979 383980 383981 383982 383983 383984 383985 383986 383987 383988 383989 383990 383991 383992 383993 383994 383995 383996 383997 383998 383999 384000 384001 384002 384003 398729 398730 398731 398732 398733 398734 398735 398736 398737 398738 398739 398740 398741 398742 398743 398744 398745 398746 398747 398748 398749 398750 398751 398752 398753 398754 398755 398756 398757 398758 398759 398760 398761 398762 398763 398764 398765 398766 398767 398768 398769 398770 398771 398772 398773 398774 398775 398776 398777 398778 398779 398780 398781 398782 398783 398784 398785 398786 398787 398788 398789 398790 398791 398792 398793 398794 398795 398796 398797 398798 398799 398800 398801 398802 398803 398804 398805 398806 398807 398808 398809 398810 398811 400350 400351 400352 400353 400354 400355 400356 400357 400358 400359 400360 400361 400362 400363 400364 400365 400366 400367 400368 400369 400370 400371 400372 400373 400374 400375 400376 400377 400378 400379 400380 400381 400382 400383 400384 400385 400386 400387 400388 400389 400390 400391 400392 400393 400394 400395 400396 400397 400398 400399 400400 400401 400402 400403 400404 400405 400406 400407 400408 400409 400410 400411 400412 400413 400414 400415 400416 400417 400418 400419 400420 400421 400422 400423 400424 400425 400426 400427 403136 403137 403138 403139 403140 403141 403142 403143 403144 403145 403146 403147 403148 403149 403150 403151 403152 403153 403154 403155 403156 403157 403158 403159 403160 403161 403162 403163 403164 403165 403166 403167 403168 403169 403170 403171 403172 403173 403174 403175 403176 403177 403178 403179 403180 403181 403182 403183 403184 403185 403186 403187 403188 403189 403190 403191 403192 403193 403194 403195 403196 403197 410841 410842 410843 410844 410845 410846 410847 410848 410849 410850 410851 410852 410853 410854 410855 410856 410857 410858 410859 410860 410861 410862 410863 410864 410865 410866 410867 410868 410869 410870 410871 410872 410873 410874 410875 410876 410877 410878 410879 410880 410881 410882 410883 410884 410885 410886 410887 410888 410889 410890 410891 410892 410893 410894 410895 410896 410897 410898 410899 410900 410901 410902 410903 410904 424670 424671 424672 424673 424674 424675 424676 424677 424678 424679 424680 424681 424682 424683 424684 424685 424686 424687 424688 424689 424690 424691 424692 424693 424694 424695 424696 424697 424698 424699 424700 424701 424702 424703 424704 424705 424706 424707 424708 424709 424710 424711 424712 424713 424714 424715 424716 424717 424718 424719 424720 424721 424722 424723 424724 424725 424726 424727 424728 424729 424730 424731 424732 424733 424734 424735 424736 424737 424738 424739 424740 424741 424742 424743 424744 424745 424746 424747 424748 424749 424750 424751 430992 430993 430994 430995 430996 430997 430998 430999 431000 431001 431002 431003 431004 431005 431006 431007 431008 431009 431010 431011 431012 431013 431014 431015 431016 431017 431018 431019 431020 431021 431022 431023 431024 431025 431026 431027 431028 431029 431030 431031 431032 431033 431034 431035 431036 431037 431038 431039 431040 431041 431042 431043 431044 431045 431046 431047 431048 431049 431050 431051 431052 431053 431054 431055 431056 431057 431058 431059 431060 431061 431062 431063 431064 431065 431066 431067 431068 431069 431070 431071 431072 431073 431074 431075 
507
399250 399251 399252 399253 399254 399255 399256 399257 399258 399259 399260 399261 399262 399263 399264 399265 399266 399267 399268 399269 399270 399271 399272 399273 399274 399275 399276 399277 399278 399279 399280 399281 399282 399283 399284 399285 399286 399287 399288 399289 399290 399291 399292 399293 399294 399295 399296 399297 399298 399299 399300 399301 399302 399303 399304 399305 399306 399307 399308 399309 399310 399311 399312 399313 399314 399315 399316 402918 402919 402920 402921 402922 402923 402924 402925 402926 402927 402928 402929 402930 402931 402932 402933 402934 402935 402936 402937 402938 402939 402940 402941 402942 402943 402944 402945 402946 402947 402948 402949 402950 402951 402952 402953 402954 402955 402956 402957 402958 402959 402960 402961 402962 402963 402964 402965 402966 402967 402968 402969 402970 402971 402972 402973 402974 402975 402976 402977 402978 402979 402980 402981 402982 402983 402984 402985 402986 402987 402988 402989 402990 402991 402992 407878 407879 407880 407881 407882 407883 407884 407885 407886 407887 407888 407889 407890 407891 407892 407893 407894 407895 407896 407897 407898 407899 407900 407901 407902 407903 407904 407905 407906 407907 407908 407909 407910 407911 407912 407913 407914 407915 407916 407917 407918 407919 407920 407921 407922 407923 407924 407925 407926 407927 407928 407929 407930 407931 407932 407933 407934 407935 407936 407937 407938 407939 407940 407941 408966 408967 408968 408969 408970 408971 408972 408973 408974 408975 408976 408977 408978 408979 408980 408981 408982 408983 408984 408985 408986 408987 408988 408989 408990 408991 408992 408993 408994 408995 408996 408997 408998 408999 409000 409001 409002 409003 409004 409005 409006 409007 409008 409009 409010 409011 409012 409013 409014 409015 409016 409017 409018 409019 409020 409021 409022 409023 409024 409025 409026 409027 409028 409029 409030 409031 409032 409033 409034 409035 409036 410978 410979 410980 410981 410982 410983 410984 410985 410986 410987 410988 410989 410990 410991 410992 410993 410994 410995 410996 410997 410998 410999 411000 411001 411002 411003 411004 411005 411006 411007 411008 411009 411010 411011 411012 411013 411014 411015 411016 411017 411018 411019 411020 411021 411022 411023 411024 411025 411026 411027 411028 411029 411030 411031 411032 411033 411034 411035 411036 411037 411038 411039 411040 411041 411042 411043 411044 411045 411046 411047 411048 432037 432038 432039 432040 432041 432042 432043 432044 432045 432046 432047 432048 432049 432050 432051 432052 432053 432054 432055 432056 432057 432058 432059 432060 432061 432062 432063 432064 432065 432066 432067 432068 432069 432070 432071 432072 432073 432074 432075 432076 432077 432078 432079 432080 432081 432082 432083 432084 432085 432086 432087 432088 432089 432090 432091 432092 432093 432094 432095 432096 432097 432098 432099 432100 432101 432102 432103 432104 432105 432106 432107 432108 432109 432110 432111 432112 432113 432114 432115 438147 438148 438149 438150 438151 438152 438153 438154 438155 438156 438157 438158 438159 438160 438161 438162 438163 438164 438165 438166 438167 438168 438169 438170 438171 438172 438173 438174 438175 438176 438177 438178 438179 438180 438181 438182 438183 438184 438185 438186 438187 438188 438189 438190 438191 438192 438193 438194 438195 438196 438197 438198 438199 438200 438201 438202 438203 438204 438205 438206 438207 438208 438209 438210 438211 438212 438213 438214 438215 438216 438217 438218 438219 438220 438221 438222 438223 438224 438225 438226 
415
403436 403437 403438 403439 403440 403441 403442 403443 403444 403445 403446 403447 403448 403449 403450 403451 403452 403453 403454 403455 403456 403457 403458 403459 403460 403461 403462 403463 403464 403465 403466 403467 403468 403469 403470 403471 403472 403473 403474 403475 403476 403477 403478 403479 403480 403481 403482 403483 403484 403485 403486 403487 403488 403489 403490 403491 403492 403493 403494 403495 403496 403497 403498 403499 403500 403501 403502 414809 414810 414811 414812 414813 414814 414815 414816 414817 414818 414819 414820 414821 414822 414823 414824 414825 414826 414827 414828 414829 414830 414831 414832 414833 414834 414835 414836 414837 414838 414839 414840 414841 414842 414843 414844 414845 414846 414847 414848 414849 414850 414851 414852 414853 414854 414855 414856 414857 414858 414859 414860 414861 414862 414863 414864 414865 414866 414867 414868 414869 414870 414871 414872 414873 414874 414875 414876 414877 414878 414879 414880 423128 423129 423130 423131 423132 423133 423134 423135 423136 423137 423138 423139 423140 423141 423142 423143 423144 423145 423146 423147 423148 423149 423150 423151 423152 423153 423154 423155 423156 423157 423158 423159 423160 423161 423162 423163 423164 423165 423166 423167 423168 423169 423170 423171 423172 423173 423174 423175 423176 423177 423178 423179 423180 423181 423182 423183 423184 423185 423186 423187 423188 423189 423190 423191 423192 423193 423194 423195 423196 423197 423198 423199 423200 423201 423202 423203 423204 423205 423206 423207 423208 423209 423210 423272 423273 423274 423275 423276 423277 423278 423279 423280 423281 423282 423283 423284 423285 423286 423287 423288 423289 423290 423291 423292 423293 423294 423295 423296 423297 423298 423299 423300 423301 423302 423303 423304 423305 423306 423307 423308 423309 423310 423311 423312 423313 423314 423315 423316 423317 423318 423319 423320 423321 423322 423323 423324 423325 423326 423327 423328 423329 423330 423331 423332 423333 423334 423335 423336 423337 423338 423339 423340 423341 423342 423343 423344 423345 424460 424461 424462 424463 424464 424465 424466 424467 424468 424469 424470 424471 424472 424473 424474 424475 424476 424477 424478 424479 424480 424481 424482 424483 424484 424485 424486 424487 424488 424489 424490 424491 424492 424493 424494 424495 424496 424497 424498 424499 424500 424501 424502 424503 424504 424505 424506 424507 424508 424509 424510 424511 424512 424513 424514 424515 424516 435713 435714 435715 435716 435717 435718 435719 435720 435721 435722 435723 435724 435725 435726 435727 435728 435729 435730 435731 435732 435733 435734 435735 435736 435737 435738 435739 435740 435741 435742 435743 435744 435745 435746 435747 435748 435749 435750 435751 435752 435753 435754 435755 435756 435757 435758 435759 435760 435761 435762 435763 435764 435765 435766 435767 435768 435769 435770 435771 435772 435773 435774 

